Webots Project File version R2022b
perspectives: 000000ff00000000fd00000002000000010000029d0000030afc0200000001fb0000001400540065007800740045006400690074006f007200000000170000030a0000003f00ffffff0000000300000780000000c1fc0100000001fb0000001a0043006f006e0073006f006c00650041006c006c0041006c006c0100000000000007800000006900ffffff000007800000030200000001000000020000000100000008fc00000000
simulationViewPerspectives: 000000ff00000001000000020000013e000006400100000002010000000101
sceneTreePerspectives: 000000ff00000001000000030000001d000000c0000000fa0100000002010000000201
minimizedPerspectives: 000000ff00000000fd0000000300000000000001ca0000039ffc0200000001fb00000012005300630065006e0065005400720065006501000000000000039f0000000000000000000000010000023a000002e9fc0200000001fb0000001400540065007800740045006400690074006f00720100000017000002e90000003f00ffffff0000000300000780000000dafc0100000002fb0000000e0043006f006e0073006f006c006501000001d0000005b00000000000000000fb0000001a0043006f006e0073006f006c00650041006c006c0041006c006c0100000000000007800000006900ffffff00000544000002e900000004000000040000000100000008fc00000000
maximizedDockId: -1
centralWidgetVisible: 1
orthographicViewHeight: 1
textFiles: -1
consoles: Console:All:All
renderingDevicePerspectives: Pioneer 3-DX:display;1;1;0;0
renderingDevicePerspectives: Pioneer 3-DX:reportDisplay;1;1.416;0.55375;0
renderingDevicePerspectives: Pioneer 3-DX:sensorDisplay;0;0.63632;0.583125;0
